1.377408192181953095e-01 1.377408192181953095e-01 4.497100006654858589e+03 3.264900000000000000e+04 4.842000000000000000e+03 -1.328000030000000038e+02 -5.014500120000000152e+02 1.426399989999999889e+02 2.220000000000000000e+02 4.000000000000000000e+01 0.000000000000000000e+00
1.403516472173992058e-01 1.403516472173992058e-01 5.116800002604722977e+03 3.645700000000000000e+04 5.588000000000000000e+03 -9.130000000000000782e+00 -4.817399899999999775e+02 1.418000030000000038e+02 3.220000000000000000e+02 4.000000000000000000e+01 0.000000000000000000e+00
1.384729174191250411e-01 1.384729174191250411e-01 5.008150004297494888e+03 3.616700000000000000e+04 5.430000000000000000e+03 1.143899990000000031e+02 -4.619899899999999775e+02 1.412299959999999999e+02 4.220000000000000000e+02 4.000000000000000000e+01 0.000000000000000000e+00
0.000000000000000000e+00 0.000000000000000000e+00 0.000000000000000000e+00 3.255000000000000000e+04 0.000000000000000000e+00 2.377799990000000037e+02 -4.424200129999999831e+02 1.440299990000000037e+02 5.220000000000000000e+02 4.000000000000000000e+01 2.000000000000000000e+00
1.433550767742144683e-01 1.433550767742144683e-01 3.439375001966953278e+03 2.399200000000000000e+04 3.703000000000000000e+03 3.610000000000000000e+02 -4.228299870000000169e+02 1.420800020000000075e+02 6.220000000000000000e+02 4.000000000000000000e+01 0.000000000000000000e+00
1.394770617099159726e-01 1.394770617099159726e-01 4.292825005307793617e+03 3.077800000000000000e+04 4.641000000000000000e+03 -3.347999879999999848e+02 -4.245000000000000000e+02 1.431600039999999865e+02 7.220000000000000000e+02 4.000000000000000000e+01 0.000000000000000000e+00
1.405800434860767500e-01 1.405800434860767500e-01 8.403874999597668648e+03 5.978000000000000000e+04 9.169000000000000000e+03 -2.113500060000000076e+02 -4.044800109999999904e+02 1.411900019999999927e+02 8.220000000000000000e+02 4.000000000000000000e+01 0.000000000000000000e+00
1.461825722080682399e-01 1.461825722080682399e-01 1.064750001191906631e+04 7.283700000000000000e+04 1.153400000000000000e+04 -8.805000300000000379e+01 -3.842999879999999848e+02 1.425800020000000075e+02 9.220000000000000000e+02 4.000000000000000000e+01 0.000000000000000000e+00
1.416807646168315449e-01 1.416807646168315449e-01 1.122225000376999378e+04 7.920800000000000000e+04 1.212800000000000000e+04 3.554000099999999662e+01 -3.648299870000000169e+02 1.402799990000000037e+02 1.022000000000000000e+03 4.000000000000000000e+01 0.000000000000000000e+00
1.452062708083210751e-01 1.452062708083210751e-01 1.080930000524222851e+04 7.444100000000000000e+04 1.163200000000000000e+04 1.589400019999999927e+02 -3.452300109999999904e+02 1.423999939999999924e+02 1.122000000000000000e+03 4.000000000000000000e+01 0.000000000000000000e+00
1.444785552883030566e-01 1.444785552883030566e-01 8.835875005766749382e+03 6.115700000000000000e+04 9.553000000000000000e+03 2.821799930000000245e+02 -3.257399899999999775e+02 1.410099950000000035e+02 1.222000000000000000e+03 4.000000000000000000e+01 0.000000000000000000e+00
1.390550772405976521e-01 1.390550772405976521e-01 4.536950005128979683e+03 3.262700000000000000e+04 4.894000000000000000e+03 -4.134599910000000023e+02 -3.272699890000000096e+02 1.421600039999999865e+02 1.422000000000000000e+03 4.000000000000000000e+01 0.000000000000000000e+00
1.423009714606986720e-01 1.423009714606986720e-01 1.034215000382065773e+04 7.267800000000000000e+04 1.115600000000000000e+04 -2.906600040000000149e+02 -3.073800049999999828e+02 1.465899960000000135e+02 1.522000000000000000e+03 4.000000000000000000e+01 0.000000000000000000e+00
1.407527489771990825e-01 1.407527489771990825e-01 1.383782501019537449e+04 9.831300000000000000e+04 1.502300000000000000e+04 -1.663999939999999924e+02 -2.877900089999999977e+02 1.402200009999999963e+02 1.622000000000000000e+03 4.000000000000000000e+01 0.000000000000000000e+00
1.399337986403851875e-01 1.399337986403851875e-01 1.564180001202225685e+04 1.117800000000000000e+05 1.690200000000000000e+04 -4.327000000000000313e+01 -2.675199890000000096e+02 1.426900019999999927e+02 1.722000000000000000e+03 4.000000000000000000e+01 0.000000000000000000e+00
1.383692121611105608e-01 1.383692121611105608e-01 1.613980001410841942e+04 1.166430000000000000e+05 1.738600000000000000e+04 7.941000400000000070e+01 -2.482400049999999965e+02 1.414700009999999963e+02 1.822000000000000000e+03 4.000000000000000000e+01 0.000000000000000000e+00
1.406918118385865890e-01 1.406918118385865890e-01 1.091065000808238983e+04 7.755000000000000000e+04 1.175800000000000000e+04 3.268500060000000076e+02 -2.090700070000000039e+02 1.409900049999999965e+02 2.022000000000000000e+03 4.000000000000000000e+01 0.000000000000000000e+00
1.383625586104778038e-01 1.383625586104778038e-01 5.239375006902962923e+03 3.786700000000000000e+04 5.647000000000000000e+03 4.438500060000000076e+02 -1.941799929999999961e+02 1.422200009999999963e+02 2.123000000000000000e+03 4.000000000000000000e+01 0.000000000000000000e+00
1.366904747335186687e-01 1.366904747335186687e-01 4.124225003659725189e+03 3.017200000000000000e+04 4.471000000000000000e+03 -4.924299930000000245e+02 -2.301600039999999865e+02 1.401699979999999925e+02 2.222000000000000000e+03 4.000000000000000000e+01 0.000000000000000000e+00
1.455192439479180144e-01 1.455192439479180144e-01 1.049965000857412815e+04 7.215300000000000000e+04 1.128000000000000000e+04 -3.689299930000000245e+02 -2.102299959999999999e+02 1.431000060000000076e+02 2.322000000000000000e+03 4.000000000000000000e+01 0.000000000000000000e+00
1.434366544604681049e-01 1.434366544604681049e-01 1.500017501351237297e+04 1.045770000000000000e+05 1.632500000000000000e+04 -2.456499939999999924e+02 -1.904900049999999965e+02 1.440500030000000038e+02 2.422000000000000000e+03 4.000000000000000000e+01 0.000000000000000000e+00
1.398026238661211618e-01 1.398026238661211618e-01 1.767930001148581505e+04 1.264590000000000000e+05 1.916000000000000000e+04 -1.217699970000000036e+02 -1.710299990000000037e+02 1.448399960000000135e+02 2.522000000000000000e+03 4.000000000000000000e+01 0.000000000000000000e+00
1.359502935368566423e-01 1.359502935368566423e-01 1.663732502245344222e+04 1.223780000000000000e+05 1.811500000000000000e+04 2.481499939999999924e+02 -1.118700029999999970e+02 1.406000060000000076e+02 2.822000000000000000e+03 4.000000000000000000e+01 0.000000000000000000e+00
1.436882648270351448e-01 1.436882648270351448e-01 1.146287501484155655e+04 7.977600000000000000e+04 1.218700000000000000e+04 3.715599980000000073e+02 -9.218000000000000682e+01 1.451499939999999924e+02 2.922000000000000000e+03 4.000000000000000000e+01 0.000000000000000000e+00
1.273954446890344094e-01 1.273954446890344094e-01 4.301125003591179848e+03 3.376200000000000000e+04 4.579000000000000000e+03 5.004299930000000245e+02 -5.845000100000000032e+01 1.444199979999999925e+02 3.022000000000000000e+03 4.000000000000000000e+01 0.000000000000000000e+00
1.366244661298488539e-01 1.366244661298488539e-01 3.070225002869963646e+03 2.247200000000000000e+04 3.349000000000000000e+03 -5.709000240000000304e+02 -1.251399990000000031e+02 1.421699979999999925e+02 3.122000000000000000e+03 4.000000000000000000e+01 0.000000000000000000e+00
1.459566084469488545e-01 1.459566084469488545e-01 8.722075007572770119e+03 5.975800000000000000e+04 9.417000000000000000e+03 -4.477399899999999775e+02 -1.131299970000000030e+02 1.432400049999999965e+02 3.222000000000000000e+03 4.000000000000000000e+01 0.000000000000000000e+00
1.421277191652115246e-01 1.421277191652115246e-01 1.374105001661181450e+04 9.668100000000000000e+04 1.496800000000000000e+04 -3.243900150000000053e+02 -9.343000000000000682e+01 1.426999969999999962e+02 3.322000000000000000e+03 4.000000000000000000e+01 0.000000000000000000e+00
1.381322900032287415e-01 1.381322900032287415e-01 1.617722501143813133e+04 1.171140000000000000e+05 1.746700000000000000e+04 -2.005500030000000038e+02 -7.402999900000000366e+01 1.489700009999999963e+02 3.423000000000000000e+03 4.000000000000000000e+01 0.000000000000000000e+00
1.371100904397432318e-01 1.371100904397432318e-01 2.216247501868009567e+04 1.616400000000000000e+05 2.417100000000000000e+04 -7.780000300000000379e+01 -5.433000200000000035e+01 1.452700040000000001e+02 3.522000000000000000e+03 4.000000000000000000e+01 0.000000000000000000e+00
1.459903056248741671e-01 1.459903056248741671e-01 3.079592502003908157e+04 2.109450000000000000e+05 3.341300000000000000e+04 4.629000099999999662e+01 -3.488000100000000003e+01 1.435399930000000097e+02 3.622000000000000000e+03 4.000000000000000000e+01 0.000000000000000000e+00
1.341290991490167728e-01 1.341290991490167728e-01 2.041042501750588417e+04 1.521700000000000000e+05 2.222100000000000000e+04 1.943399960000000135e+02 -3.092000000000000171e+01 1.466600039999999865e+02 3.722000000000000000e+03 4.000000000000000000e+01 0.000000000000000000e+00
0.000000000000000000e+00 0.000000000000000000e+00 0.000000000000000000e+00 7.266200000000000000e+04 0.000000000000000000e+00 4.118099980000000073e+02 1.300000000000000000e+01 1.443000030000000038e+02 3.922000000000000000e+03 4.000000000000000000e+01 2.000000000000000000e+00
1.404896071232122068e-01 1.404896071232122068e-01 4.325675003323704004e+03 3.079000000000000000e+04 4.693000000000000000e+03 5.440700070000000323e+02 5.588999900000000309e+01 1.453500060000000076e+02 4.022000000000000000e+03 4.000000000000000000e+01 0.000000000000000000e+00
1.408218067437973231e-01 1.408218067437973231e-01 4.510100004583597183e+03 3.202700000000000000e+04 4.838000000000000000e+03 -5.266300049999999828e+02 -1.559999999999999964e+01 1.452299959999999999e+02 4.122000000000000000e+03 4.000000000000000000e+01 0.000000000000000000e+00
1.423993253080818311e-01 1.423993253080818311e-01 1.059422500427067280e+04 7.439800000000000000e+04 1.148500000000000000e+04 -4.031400150000000053e+02 3.490000000000000213e+00 1.443699949999999887e+02 4.222000000000000000e+03 4.000000000000000000e+01 0.000000000000000000e+00
1.435085354361056997e-01 1.435085354361056997e-01 1.510700001682341099e+04 1.052690000000000000e+05 1.645200000000000000e+04 -2.795299989999999752e+02 2.317000000000000171e+01 1.451699979999999925e+02 4.322000000000000000e+03 4.000000000000000000e+01 0.000000000000000000e+00
1.404828743618672382e-01 1.404828743618672382e-01 1.739037501725554466e+04 1.237900000000000000e+05 1.881300000000000000e+04 -1.562299959999999999e+02 4.336999899999999997e+01 1.433999939999999924e+02 4.422000000000000000e+03 4.000000000000000000e+01 0.000000000000000000e+00
1.390529635090046734e-01 1.390529635090046734e-01 2.276005001419037580e+04 1.636790000000000000e+05 2.447800000000000000e+04 9.048999799999999993e+01 8.234999799999999937e+01 1.442299959999999999e+02 4.622000000000000000e+03 4.000000000000000000e+01 0.000000000000000000e+00
1.381205249278722458e-01 1.381205249278722458e-01 1.784310001280717552e+04 1.291850000000000000e+05 1.937000000000000000e+04 1.950299990000000037e+02 1.255899959999999993e+02 1.443999939999999924e+02 4.722000000000000000e+03 4.000000000000000000e+01 0.000000000000000000e+00
1.454473882153390352e-01 1.454473882153390352e-01 1.376325000465288758e+04 9.462700000000000000e+04 1.479600000000000000e+04 3.300299989999999752e+02 1.271999969999999962e+02 1.434299929999999961e+02 4.822000000000000000e+03 4.000000000000000000e+01 0.000000000000000000e+00
1.411520013770108384e-01 1.411520013770108384e-01 7.533000009488314390e+03 5.336800000000000000e+04 8.114000000000000000e+03 4.720499879999999848e+02 1.279000020000000006e+02 1.468399960000000135e+02 4.922000000000000000e+03 4.000000000000000000e+01 0.000000000000000000e+00
1.369828337278979069e-01 1.369828337278979069e-01 4.883575005233287811e+03 3.565100000000000000e+04 5.273000000000000000e+03 -4.816000060000000076e+02 1.013899990000000031e+02 1.446199949999999887e+02 5.122000000000000000e+03 4.000000000000000000e+01 0.000000000000000000e+00
1.462310860970436055e-01 1.462310860970436055e-01 1.132647500473260880e+04 7.745600000000000000e+04 1.225100000000000000e+04 -3.584400019999999927e+02 1.205599979999999931e+02 1.406300050000000113e+02 5.222000000000000000e+03 4.000000000000000000e+01 0.000000000000000000e+00
1.453875981386823224e-01 1.453875981386823224e-01 1.507335001222416759e+04 1.036770000000000000e+05 1.621200000000000000e+04 -2.349499969999999962e+02 1.404400019999999927e+02 1.426300050000000113e+02 5.322000000000000000e+03 4.000000000000000000e+01 0.000000000000000000e+00
1.416390246599515124e-01 1.416390246599515124e-01 1.720815002301149070e+04 1.214930000000000000e+05 1.868800000000000000e+04 -1.115100020000000001e+02 1.599799959999999999e+02 1.431000060000000076e+02 5.422000000000000000e+03 4.000000000000000000e+01 0.000000000000000000e+00
1.376336363003708152e-01 1.376336363003708152e-01 1.801060001263022423e+04 1.308590000000000000e+05 1.937400000000000000e+04 1.186999999999999922e+01 1.791900019999999927e+02 1.449100039999999865e+02 5.522000000000000000e+03 4.000000000000000000e+01 0.000000000000000000e+00
1.378523474561821338e-01 1.378523474561821338e-01 1.706295001108385623e+04 1.237770000000000000e+05 1.833800000000000000e+04 1.320299990000000037e+02 2.029799959999999999e+02 1.453000030000000038e+02 5.622000000000000000e+03 4.000000000000000000e+01 0.000000000000000000e+00
1.400076437475585578e-01 1.400076437475585578e-01 1.447035001188516617e+04 1.033540000000000000e+05 1.554600000000000000e+04 2.573099980000000073e+02 2.116600039999999865e+02 1.469900049999999965e+02 5.722000000000000000e+03 4.000000000000000000e+01 0.000000000000000000e+00
1.411819703235891454e-01 1.411819703235891454e-01 9.286950007885694504e+03 6.578000000000000000e+04 9.960000000000000000e+03 3.823500060000000076e+02 2.388999939999999924e+02 1.411100010000000111e+02 5.822000000000000000e+03 4.000000000000000000e+01 0.000000000000000000e+00
1.365769853952336355e-01 1.365769853952336355e-01 3.974800005957484245e+03 2.910300000000000000e+04 4.244000000000000000e+03 5.052699890000000096e+02 2.578800049999999828e+02 1.488000030000000038e+02 5.922000000000000000e+03 4.000000000000000000e+01 0.000000000000000000e+00
1.393509070473117617e-01 1.393509070473117617e-01 4.847600003454834223e+03 3.478700000000000000e+04 5.226000000000000000e+03 -4.370400089999999977e+02 2.178000030000000038e+02 1.440299990000000037e+02 6.022000000000000000e+03 4.000000000000000000e+01 0.000000000000000000e+00
1.413598067359998767e-01 1.413598067359998767e-01 1.023445000768639147e+04 7.240000000000000000e+04 1.113200000000000000e+04 -3.136000060000000076e+02 2.374400019999999927e+02 1.437599950000000035e+02 6.122000000000000000e+03 4.000000000000000000e+01 0.000000000000000000e+00
1.428040915987250914e-01 1.428040915987250914e-01 1.366092501051723957e+04 9.566200000000000000e+04 1.473100000000000000e+04 -1.899799959999999999e+02 2.574200129999999831e+02 1.439199979999999925e+02 6.222000000000000000e+03 4.000000000000000000e+01 0.000000000000000000e+00
1.403471875666096325e-01 1.403471875666096325e-01 1.484775001423433423e+04 1.057930000000000000e+05 1.596600000000000000e+04 -6.669999699999999621e+01 2.769200129999999831e+02 1.403899989999999889e+02 6.322000000000000000e+03 4.000000000000000000e+01 0.000000000000000000e+00
1.333180539147310883e-01 1.333180539147310883e-01 3.926350005842745304e+03 2.945100000000000000e+04 4.240000000000000000e+03 4.297600100000000225e+02 3.510199890000000096e+02 1.487100069999999903e+02 6.722000000000000000e+03 4.000000000000000000e+01 0.000000000000000000e+00
1.381485192677044116e-01 1.381485192677044116e-01 4.207175005778670311e+03 3.045400000000000000e+04 4.579000000000000000e+03 -3.923800049999999828e+02 3.342399899999999775e+02 1.453600010000000111e+02 6.822000000000000000e+03 4.000000000000000000e+01 0.000000000000000000e+00
1.293698455414827586e-01 1.293698455414827586e-01 7.356875006407499313e+03 5.686700000000000000e+04 7.893000000000000000e+03 -2.688999939999999924e+02 3.542399899999999775e+02 1.441000060000000076e+02 6.922000000000000000e+03 4.000000000000000000e+01 0.000000000000000000e+00
1.407019270483955975e-01 1.407019270483955975e-01 9.945375011488795280e+03 7.068400000000000000e+04 1.071500000000000000e+04 -1.454499969999999962e+02 3.742399899999999775e+02 1.446499939999999924e+02 7.022000000000000000e+03 4.000000000000000000e+01 0.000000000000000000e+00
1.427822316522114054e-01 1.427822316522114054e-01 9.938500016383826733e+03 6.960600000000000000e+04 1.073000000000000000e+04 -2.196999900000000139e+01 3.932399899999999775e+02 1.423800050000000113e+02 7.122000000000000000e+03 4.000000000000000000e+01 0.000000000000000000e+00
1.383866873660348218e-01 1.383866873660348218e-01 7.249525004357099533e+03 5.238600000000000000e+04 7.873000000000000000e+03 1.010400010000000037e+02 4.127900089999999977e+02 1.469799959999999999e+02 7.222000000000000000e+03 4.000000000000000000e+01 0.000000000000000000e+00
1.391180047930497266e-01 1.391180047930497266e-01 3.089950004458427429e+03 2.221100000000000000e+04 3.302000000000000000e+03 3.384400019999999927e+02 4.637200010000000248e+02 1.482899930000000097e+02 7.422000000000000000e+03 4.000000000000000000e+01 0.000000000000000000e+00
1.457856438061233273e-01 1.457856438061233273e-01 3.095175003647804260e+03 2.123100000000000000e+04 3.337000000000000000e+03 -3.478800049999999828e+02 4.515199890000000096e+02 1.445700070000000039e+02 7.522000000000000000e+03 4.000000000000000000e+01 0.000000000000000000e+00
1.384185730093180355e-01 1.384185730093180355e-01 4.157125003188848495e+03 3.003300000000000000e+04 4.451000000000000000e+03 -2.240899960000000135e+02 4.708599849999999947e+02 1.449900049999999965e+02 7.622000000000000000e+03 4.000000000000000000e+01 0.000000000000000000e+00
1.353715575100616630e-01 1.353715575100616630e-01 4.413925004173070192e+03 3.260600000000000000e+04 4.811000000000000000e+03 -1.010599979999999931e+02 4.902200010000000248e+02 1.440500030000000038e+02 7.722000000000000000e+03 4.000000000000000000e+01 0.000000000000000000e+00
1.461051687439386126e-01 1.461051687439386126e-01 3.988525001540780067e+03 2.729900000000000000e+04 4.331000000000000000e+03 2.211000100000000046e+01 5.095000000000000000e+02 1.472299959999999999e+02 7.822000000000000000e+03 4.000000000000000000e+01 0.000000000000000000e+00
1.500770770052521907e-01 1.500770770052521907e-01 3.047225002345442772e+04 2.030440000000000000e+05 3.285400000000000000e+04 3.125000000000000000e+01 -7.293000000000000682e+01 1.482400049999999965e+02 7.905000000000000000e+03 4.000000000000000000e+01 0.000000000000000000e+00
1.474813516888053289e-01 1.474813516888053289e-01 2.989417502461746335e+04 2.026980000000000000e+05 3.248700000000000000e+04 7.237000299999999697e+01 -6.659999799999999937e+01 1.475399930000000097e+02 8.005000000000000000e+03 4.000000000000000000e+01 0.000000000000000000e+00
1.814444293443934486e-01 1.814444293443934486e-01 3.417905004446208477e+04 1.883720000000000000e+05 3.694200000000000000e+04 4.159999799999999937e+01 3.549000199999999694e+01 1.494700009999999963e+02 8.105000000000000000e+03 4.000000000000000000e+01 1.000000000000000000e+00
1.804724671639718336e-01 1.804724671639718336e-01 3.265920002032816410e+04 1.809650000000000000e+05 3.523200000000000000e+04 1.069400020000000069e+02 2.708999999999999986e+01 1.466100010000000111e+02 8.205000000000000000e+03 4.000000000000000000e+01 1.000000000000000000e+00
1.783449579826915932e-01 1.783449579826915932e-01 3.431517502049170434e+04 1.924090000000000000e+05 3.737100000000000000e+04 1.131900020000000069e+02 -6.047000100000000344e+01 1.462700040000000001e+02 8.305000000000000000e+03 4.000000000000000000e+01 1.000000000000000000e+00
1.881190981589876132e-01 1.881190981589876132e-01 3.629607503699138761e+04 1.929420000000000000e+05 3.909300000000000000e+04 5.720000100000000032e+01 -1.055199970000000036e+02 1.459700009999999963e+02 8.405000000000000000e+03 4.000000000000000000e+01 1.000000000000000000e+00
1.837195959370471476e-01 1.837195959370471476e-01 3.537925002878904343e+04 1.925720000000000000e+05 3.825400000000000000e+04 -9.679999999999999716e+00 -7.950000000000000000e+01 1.409499969999999962e+02 8.506000000000000000e+03 4.000000000000000000e+01 1.000000000000000000e+00
1.812016736758065572e-01 1.812016736758065572e-01 3.393327502592094243e+04 1.872680000000000000e+05 3.661700000000000000e+04 -1.097000000000000064e+01 6.719999999999999751e+00 1.403600010000000111e+02 8.606000000000000000e+03 4.000000000000000000e+01 1.000000000000000000e+00
